,F,initialLearningRate,learningRateDecay,regularization,momentum,min_train_loss,min_val_loss
0,8,0.001,0.01,0.0,0.5,1.1517884637734186,1.1890443771589099
1,8,0.001,0.01,0.0,0.99,1.1499144267323615,1.1859791671871247
2,8,0.001,0.01,0.01,0.5,1.148446491940674,1.1795809106265436
3,8,0.001,0.01,0.01,0.99,1.1500929679293344,1.1771526928079667
4,8,0.001,0.01,0.02,0.5,1.1563946937523903,1.1789478032479754
5,8,0.001,0.01,0.02,0.99,1.1516453193739946,1.18277346161165
6,8,0.001,0.1,0.0,0.5,1.159145448043994,1.190554259924108
7,8,0.001,0.1,0.0,0.99,1.1674531952966727,1.1961307517474833
8,8,0.001,0.1,0.01,0.5,1.167123392503996,1.185847117282132
9,8,0.001,0.1,0.01,0.99,1.1630681163078422,1.1886768505253669
10,8,0.001,0.1,0.02,0.5,1.1692788843436583,1.2030409793664805
11,8,0.001,0.1,0.02,0.99,1.1656408966086649,1.1925137534264814
12,8,0.002,0.01,0.0,0.5,1.1382775234144302,1.1744329805197333
13,8,0.002,0.01,0.0,0.99,1.1364949258846582,1.1632472754386805
14,8,0.002,0.01,0.01,0.5,1.1348735208712755,1.1683569063879935
15,8,0.002,0.01,0.01,0.99,1.13485847098053,1.1661036834802245
16,8,0.002,0.01,0.02,0.5,1.1366211315184689,1.167584911327619
17,8,0.002,0.01,0.02,0.99,1.1336685750632436,1.173838033686107
18,8,0.002,0.1,0.0,0.5,1.1454976447743797,1.1823078374893765
19,8,0.002,0.1,0.0,0.99,1.1466112599110208,1.181493714147601
20,8,0.002,0.1,0.01,0.5,1.1420073779068853,1.1678202538365856
21,8,0.002,0.1,0.01,0.99,1.137619901285224,1.1811699871537833
22,8,0.002,0.1,0.02,0.5,1.1402486320122054,1.170996712230406
23,8,0.002,0.1,0.02,0.99,1.139394664146442,1.1714235836530484
24,8,0.003,0.01,0.0,0.5,1.131022801616137,1.1691379434561906
25,8,0.003,0.01,0.0,0.99,1.1264088710257063,1.161953468396791
26,8,0.003,0.01,0.01,0.5,1.128412717829755,1.1635985129145867
27,8,0.003,0.01,0.01,0.99,1.130100351257599,1.1614230508236276
28,8,0.003,0.01,0.02,0.5,1.1310986509658265,1.1629698866680662
29,8,0.003,0.01,0.02,0.99,1.1253632957913309,1.1637758187291085
30,8,0.003,0.1,0.0,0.5,1.1347899601794462,1.165947285974186
31,8,0.003,0.1,0.0,0.99,1.132504890973274,1.172065372850596
32,8,0.003,0.1,0.01,0.5,1.132815673315488,1.1648631499641955
33,8,0.003,0.1,0.01,0.99,1.1334326103572827,1.163005728818265
34,8,0.003,0.1,0.02,0.5,1.135689019158344,1.1646898272018302
35,8,0.003,0.1,0.02,0.99,1.1285468735635904,1.1642504875263116
36,8,0.004,0.01,0.0,0.5,1.1221552978502174,1.158538012473778
37,8,0.004,0.01,0.0,0.99,1.1210931517469558,1.154608987066495
38,8,0.004,0.01,0.01,0.5,1.1202035346156078,1.1596059467488335
39,8,0.004,0.01,0.01,0.99,1.1225766987547772,1.1598030806847899
40,8,0.004,0.01,0.02,0.5,1.1263765807602941,1.1600823257724797
41,8,0.004,0.01,0.02,0.99,1.1215062410944314,1.165958998265645
42,8,0.004,0.1,0.0,0.5,1.1282823889246447,1.1658055582653586
43,8,0.004,0.1,0.0,0.99,1.1256830821888204,1.160452872596092
44,8,0.004,0.1,0.01,0.5,1.124633462892856,1.1615560750591187
45,8,0.004,0.1,0.01,0.99,1.1302117923012442,1.1663259471582827
46,8,0.004,0.1,0.02,0.5,1.1310633459326724,1.164105818852463
47,8,0.004,0.1,0.02,0.99,1.1256331315297121,1.1625623766489475
48,8,0.005,0.01,0.0,0.5,1.119154220685727,1.1589655213763541
49,8,0.005,0.01,0.0,0.99,1.121859992415226,1.1604511152338026
50,8,0.005,0.01,0.01,0.5,1.121283612746261,1.164354314819199
51,8,0.005,0.01,0.01,0.99,1.1198609989280062,1.1589795234015563
52,8,0.005,0.01,0.02,0.5,1.123759252766512,1.157571112692097
53,8,0.005,0.01,0.02,0.99,1.1172174207424024,1.1564373567373603
54,8,0.005,0.1,0.0,0.5,1.122054247354284,1.1598760609026888
55,8,0.005,0.1,0.0,0.99,1.125945277924047,1.1610479192925691
56,8,0.005,0.1,0.01,0.5,1.1226374450812164,1.1573760703299234
57,8,0.005,0.1,0.01,0.99,1.123320868520773,1.168104979419774
58,8,0.005,0.1,0.02,0.5,1.1263016867004214,1.1635401070698825
59,8,0.005,0.1,0.02,0.99,1.1250462504936338,1.1635840236848527
60,8,0.01,0.01,0.0,0.5,1.1042095818984494,1.154938046872724
61,8,0.01,0.01,0.0,0.99,1.103770620642781,1.1549377332362414
62,8,0.01,0.01,0.01,0.5,1.0956320860604396,1.1548332766119824
63,8,0.01,0.01,0.01,0.99,1.1100306611340305,1.1537571291834614
64,8,0.01,0.01,0.02,0.5,1.1126563604237496,1.1534071248539488
65,8,0.01,0.01,0.02,0.99,1.106012370894836,1.1540932610948005
66,8,0.01,0.1,0.0,0.5,1.1125510291154894,1.160199809445787
67,8,0.01,0.1,0.0,0.99,1.1083595625559337,1.1572547009080998
68,8,0.01,0.1,0.01,0.5,1.108634334663533,1.1533028353628378
69,8,0.01,0.1,0.01,0.99,1.1121696816278228,1.1598982097742645
70,8,0.01,0.1,0.02,0.5,1.1094770026678402,1.161022176287717
71,8,0.01,0.1,0.02,0.99,1.1099382452456767,1.1551082106440824
72,8,0.02,0.01,0.0,0.5,1.0624517618188754,1.150665272400638
73,8,0.02,0.01,0.0,0.99,1.0707002294741372,1.1567110145731545
74,8,0.02,0.01,0.01,0.5,1.0810326508376558,1.1484618097174106
75,8,0.02,0.01,0.01,0.99,1.0581754063293194,1.1459285753581128
76,8,0.02,0.01,0.02,0.5,1.0704463237453872,1.1509144458966079
77,8,0.02,0.01,0.02,0.99,1.0765032462941033,1.1504241637513606
78,8,0.02,0.1,0.0,0.5,1.079568694260296,1.150361731504794
79,8,0.02,0.1,0.0,0.99,1.0758393341887709,1.1485369419170264
80,8,0.02,0.1,0.01,0.5,1.083726790964608,1.132944446573836
81,8,0.02,0.1,0.01,0.99,1.0846182139188447,1.148864787953179
82,8,0.02,0.1,0.02,0.5,1.0897285856577075,1.149995995619504
83,8,0.02,0.1,0.02,0.99,1.0924077651412616,1.1542401177580446
84,8,0.03,0.01,0.0,0.5,1.0345565973072954,1.1604282885521053
85,8,0.03,0.01,0.0,0.99,1.0536962202700884,1.1472257839619435
86,8,0.03,0.01,0.01,0.5,1.0197675261442891,1.153694368020629
87,8,0.03,0.01,0.01,0.99,1.0591607880574436,1.1330920375284688
88,8,0.03,0.01,0.02,0.5,1.0501688989546196,1.1584407775538592
89,8,0.03,0.01,0.02,0.99,1.0655369942366077,1.148342957303594
90,8,0.03,0.1,0.0,0.5,1.0447646693543042,1.1518183013457863
91,8,0.03,0.1,0.0,0.99,1.0741128311676749,1.1529314983774326
92,8,0.03,0.1,0.01,0.5,1.0290638627304116,1.1400242323758598
93,8,0.03,0.1,0.01,0.99,1.0580221707802901,1.1499034252586893
94,8,0.03,0.1,0.02,0.5,1.0547511079765222,1.1502925590234059
95,8,0.03,0.1,0.02,0.99,1.0687059526305986,1.152559644234932
96,8,0.04,0.01,0.0,0.5,0.9811520094174432,1.154167511357712
97,8,0.04,0.01,0.0,0.99,1.0290663206967787,1.1383595270690972
98,8,0.04,0.01,0.01,0.5,0.9900340180431101,1.137171410942546
99,8,0.04,0.01,0.01,0.99,1.0186893920349074,1.1316595287423847
100,8,0.04,0.01,0.02,0.5,1.0068869301333165,1.1520371592504273
101,8,0.04,0.01,0.02,0.99,1.040077067240789,1.146780540679978
102,8,0.04,0.1,0.0,0.5,1.0122164594138259,1.1488584671589377
103,8,0.04,0.1,0.0,0.99,1.0275652604747392,1.1366428670438384
104,8,0.04,0.1,0.01,0.5,1.021894683911338,1.1283199950409983
105,8,0.04,0.1,0.01,0.99,1.0489938405984058,1.1522947756060398
106,8,0.04,0.1,0.02,0.5,1.0291864544661264,1.147012488441928
107,8,0.04,0.1,0.02,0.99,1.0273736652552607,1.1411017370561514
108,8,0.05,0.01,0.0,0.5,0.9630399253515737,1.1394952818964363
109,8,0.05,0.01,0.0,0.99,1.0096773244075463,1.1500629886034863
110,8,0.05,0.01,0.01,0.5,0.9830586192956445,1.1527598254605238
111,8,0.05,0.01,0.01,0.99,1.0088171120849698,1.150135918788262
112,8,0.05,0.01,0.02,0.5,0.9917254215906982,1.142859921522391
113,8,0.05,0.01,0.02,0.99,1.011091110986716,1.135041189361459
114,8,0.05,0.1,0.0,0.5,0.9754658831493422,1.130186679481306
115,8,0.05,0.1,0.0,0.99,1.0229258392268399,1.152587824780881
116,8,0.05,0.1,0.01,0.5,1.0119854565416477,1.1473826221036012
117,8,0.05,0.1,0.01,0.99,1.0374174345461773,1.1401617554687011
118,8,0.05,0.1,0.02,0.5,1.0298205138798242,1.1467181974195308
119,8,0.05,0.1,0.02,0.99,1.0025156000671902,1.1257537089936425
120,8,0.1,0.01,0.0,0.5,0.9191634501155204,1.143777190171258
121,8,0.1,0.01,0.0,0.99,0.9856127790564666,1.1433245482925618
122,8,0.1,0.01,0.01,0.5,0.9220804794452012,1.1471438093101174
123,8,0.1,0.01,0.01,0.99,0.9956403298016386,1.1552815615251437
124,8,0.1,0.01,0.02,0.5,0.917387034895939,1.1247397367695326
125,8,0.1,0.01,0.02,0.99,1.0481764161123244,1.1634108647587234
126,8,0.1,0.1,0.0,0.5,0.9169356616743568,1.1292016455858565
127,8,0.1,0.1,0.0,0.99,1.0610210895840677,1.1522685300177518
128,8,0.1,0.1,0.01,0.5,0.9348989423620446,1.1522982882222006
129,8,0.1,0.1,0.01,0.99,0.984028597518985,1.1391959543310068
130,8,0.1,0.1,0.02,0.5,0.9564044282592995,1.1267822221925319
131,8,0.1,0.1,0.02,0.99,1.008988165599045,1.1465101364415382
132,8,0.2,0.01,0.0,0.5,0.9668610837982943,1.168648330590313
133,8,0.2,0.01,0.0,0.99,1.0569973112870337,1.1607531071315427
134,8,0.2,0.01,0.01,0.5,0.9018793681421756,1.1484999392070734
135,8,0.2,0.01,0.01,0.99,1.0069610010042516,1.147919122211501
136,8,0.2,0.01,0.02,0.5,0.9042665878521093,1.1586765250771849
137,8,0.2,0.01,0.02,0.99,0.9790391678816994,1.141409737022448
138,8,0.2,0.1,0.0,0.5,0.9525638009349237,1.1145158210665136
139,8,0.2,0.1,0.0,0.99,0.9811349086994984,1.1281954145338806
140,8,0.2,0.1,0.01,0.5,0.897700005153258,1.144443112103498
141,8,0.2,0.1,0.01,0.99,0.9765971898408599,1.1551031558552756
142,8,0.2,0.1,0.02,0.5,0.9027387627857654,1.1394218421885023
143,8,0.2,0.1,0.02,0.99,0.9779280867475832,1.1529991969642457
144,8,0.3,0.01,0.0,0.5,0.9431733091944722,1.1719276452950007
145,8,0.3,0.01,0.0,0.99,1.0408858637942249,1.1669222157369965
146,8,0.3,0.01,0.01,0.5,0.8720300012902379,1.1462186963074517
147,8,0.3,0.01,0.01,0.99,0.9789683144506307,1.1737972355351571
148,8,0.3,0.01,0.02,0.5,0.9315394394062905,1.1134481225271098
149,8,0.3,0.01,0.02,0.99,1.0710277992489223,1.1408397283748613
150,8,0.3,0.1,0.0,0.5,0.921488653451958,1.1709420362601792
151,8,0.3,0.1,0.0,0.99,1.0534707520660052,1.1586830034944393
152,8,0.3,0.1,0.01,0.5,0.8919840255054536,1.1677370639923026
153,8,0.3,0.1,0.01,0.99,0.9520475003906526,1.1448414012570018
154,8,0.3,0.1,0.02,0.5,0.8946785000358297,1.1557537530978141
155,8,0.3,0.1,0.02,0.99,1.0213565230138697,1.159282283750726
156,8,0.4,0.01,0.0,0.5,0.9752874312419036,1.1737372702892932
157,8,0.4,0.01,0.0,0.99,1.038350010776969,1.178687856973192
158,8,0.4,0.01,0.01,0.5,0.8400493897373812,1.1730897478759936
159,8,0.4,0.01,0.01,0.99,0.9645462639775118,1.1792875615936633
160,8,0.4,0.01,0.02,0.5,0.9008024969373148,1.171405760671014
161,8,0.4,0.01,0.02,0.99,1.0651171622840825,1.1833955887131018
162,8,0.4,0.1,0.0,0.5,0.914292013560086,1.160173632091206
163,8,0.4,0.1,0.0,0.99,0.982933908689202,1.1599906372641986
164,8,0.4,0.1,0.01,0.5,0.9050021874727678,1.1353533040000445
165,8,0.4,0.1,0.01,0.99,0.9495646185040406,1.1295600855997796
166,8,0.4,0.1,0.02,0.5,0.8952155542499887,1.1310162486824606
167,8,0.4,0.1,0.02,0.99,1.0480490206093536,1.1775689567174068
168,8,0.5,0.01,0.0,0.5,0.9854077275368852,1.1797894399023434
169,8,0.5,0.01,0.0,0.99,1.0582594328221455,1.1775298698760452
170,8,0.5,0.01,0.01,0.5,0.890255619991514,1.1164923847395891
171,8,0.5,0.01,0.01,0.99,1.0070647663575745,1.1699829296676307
172,8,0.5,0.01,0.02,0.5,0.9301956425241629,1.1612668877851364
173,8,0.5,0.01,0.02,0.99,1.0592257158201979,1.1476197814408242
174,8,0.5,0.1,0.0,0.5,0.8867879121183447,1.1825797087843348
175,8,0.5,0.1,0.0,0.99,1.0140555832138662,1.1922244173492542
176,8,0.5,0.1,0.01,0.5,0.865394175236501,1.1331162136171795
177,8,0.5,0.1,0.01,0.99,0.9408629447053454,1.1475842839464105
178,8,0.5,0.1,0.02,0.5,0.9236201561125402,1.1362222420002595
179,8,0.5,0.1,0.02,0.99,1.0652174073704612,1.2023588425400886
180,8,1.0,0.01,0.0,0.5,0.9421448360192435,1.207253143370136
181,8,1.0,0.01,0.0,0.99,0.9777829787863754,1.1994594012812285
182,8,1.0,0.01,0.01,0.5,0.9968866176152438,1.2220523940800962
183,8,1.0,0.01,0.01,0.99,1.0661502587966751,1.1862339160574746
184,8,1.0,0.01,0.02,0.5,0.9595893088316381,1.120715715691468
185,8,1.0,0.01,0.02,0.99,1.1077247886019745,1.2204375031386314
186,8,1.0,0.1,0.0,0.5,0.970886519321694,1.2064131032498824
187,8,1.0,0.1,0.0,0.99,1.034096196888883,1.1823497243199774
188,8,1.0,0.1,0.01,0.5,0.9483840725695546,1.1534097353966386
189,8,1.0,0.1,0.01,0.99,1.0571092245951565,1.1825165520524799
190,8,1.0,0.1,0.02,0.5,0.9821024137489416,1.1782691640522134
191,8,1.0,0.1,0.02,0.99,1.0997981679789208,1.1945981993786912
192,8,2.0,0.01,0.0,0.5,1.1557569628847608,1.2760272801641799
193,8,2.0,0.01,0.0,0.99,0.9850423990088912,1.2325521114332116
194,8,2.0,0.01,0.01,0.5,1.0331246770068332,1.2319677716259427
195,8,2.0,0.01,0.01,0.99,1.1947922413429364,1.273699358543782
196,8,2.0,0.01,0.02,0.5,1.1291393376758434,1.2096050468653756
197,8,2.0,0.01,0.02,0.99,1.2004013677353396,1.2472501419063255
198,8,2.0,0.1,0.0,0.5,1.049198317532938,1.2461246763341263
199,8,2.0,0.1,0.0,0.99,0.9952345196243823,1.1891693459027894
200,8,2.0,0.1,0.01,0.5,1.0718292092348367,1.2186328135302849
201,8,2.0,0.1,0.01,0.99,1.1860403893965599,1.2600286412849249
202,8,2.0,0.1,0.02,0.5,1.048358734462648,1.1850332171774807
203,8,2.0,0.1,0.02,0.99,1.142032302901434,1.2316540156301279
204,8,3.0,0.01,0.0,0.5,1.1001763765017436,1.314705271125309
205,8,3.0,0.01,0.0,0.99,1.1154064523311864,1.2712355387519427
206,8,3.0,0.01,0.01,0.5,1.1735783882546407,1.2974744730955825
207,8,3.0,0.01,0.01,0.99,1.290942588172889,1.4420168554702595
208,8,3.0,0.01,0.02,0.5,1.223031141221317,1.3202073482506798
209,8,3.0,0.01,0.02,0.99,1.3512330449273253,1.420868409956296
210,8,3.0,0.1,0.0,0.5,1.0867311835226794,1.2667730344352668
211,8,3.0,0.1,0.0,0.99,0.979622388876455,1.2367624642616346
212,8,3.0,0.1,0.01,0.5,1.0108542570449022,1.2260434862912912
213,8,3.0,0.1,0.01,0.99,1.264364539232383,1.4072658193866985
214,8,3.0,0.1,0.02,0.5,1.0925497267368776,1.2133964684317822
215,8,3.0,0.1,0.02,0.99,1.1685597989397816,1.2491099833914285
216,8,4.0,0.01,0.0,0.5,1.3374946034598378,1.391673406986297
217,8,4.0,0.01,0.0,0.99,1.1680159590267465,1.3632281290761832
218,8,4.0,0.01,0.01,0.5,1.3267064426952833,1.3952409389071223
219,8,4.0,0.01,0.01,0.99,1.2459324567177903,1.4262465113622236
220,8,4.0,0.01,0.02,0.5,1.3458285187524344,1.4049179170724182
221,8,4.0,0.01,0.02,0.99,1.3895602936802296,1.4045431894036593
222,8,4.0,0.1,0.0,0.5,1.1859446006019805,1.3222380992374347
223,8,4.0,0.1,0.0,0.99,1.1343276558842277,1.3141048102004882
224,8,4.0,0.1,0.01,0.5,1.2327908052222378,1.2829552858260662
225,8,4.0,0.1,0.01,0.99,1.3093607284200497,1.3876170498200933
226,8,4.0,0.1,0.02,0.5,1.200742204146141,1.334248201001519
227,8,4.0,0.1,0.02,0.99,1.4333780038532506,1.5376182903766744
228,8,5.0,0.01,0.0,0.5,1.3428815114967265,1.394990054966049
229,8,5.0,0.01,0.0,0.99,1.327939731589908,1.4366022995124659
230,8,5.0,0.01,0.01,0.5,1.3880298975878016,1.401481669683995
231,8,5.0,0.01,0.01,0.99,1.3377389170405207,1.4707397141804461
232,8,5.0,0.01,0.02,0.5,1.4040754980107923,1.510017477202358
233,8,5.0,0.01,0.02,0.99,1.318560867571184,1.3726194686403892
234,8,5.0,0.1,0.0,0.5,1.2497545266058387,1.3582841063981397
235,8,5.0,0.1,0.0,0.99,1.0836661842874613,1.2846689131975035
236,8,5.0,0.1,0.01,0.5,1.3993634871197416,1.4848976759917232
237,8,5.0,0.1,0.01,0.99,1.3357882519017874,1.4172772510455105
238,8,5.0,0.1,0.02,0.5,1.2217285329125274,1.3679296157374592
239,8,5.0,0.1,0.02,0.99,1.4623291980663315,1.4977417056777416
240,9,0.001,0.01,0.0,0.5,1.151628076095423,1.184167924220841
241,9,0.001,0.01,0.0,0.99,1.1468133083898844,1.1873425748324096
242,9,0.001,0.01,0.01,0.5,1.1515270788697798,1.1871132542540335
243,9,0.001,0.01,0.01,0.99,1.1509788564010526,1.1811922257550214
244,9,0.001,0.01,0.02,0.5,1.1551189761033471,1.1823716068175452
245,9,0.001,0.01,0.02,0.99,1.1546290007808895,1.192941166744833
246,9,0.001,0.1,0.0,0.5,1.1606812582543582,1.1999690220603512
247,9,0.001,0.1,0.0,0.99,1.160173143864665,1.1993649024184618
248,9,0.001,0.1,0.01,0.5,1.1653211002890416,1.192584717781415
249,9,0.001,0.1,0.01,0.99,1.1517239423255923,1.1974111557396625
250,9,0.001,0.1,0.02,0.5,1.1651476678316564,1.204936750251844
251,9,0.001,0.1,0.02,0.99,1.1553210137318355,1.1788279298864721
252,9,0.002,0.01,0.0,0.5,1.1314401336850646,1.16541422002574
253,9,0.002,0.01,0.0,0.99,1.1342492231462769,1.1649071509993458
254,9,0.002,0.01,0.01,0.5,1.1361295792948527,1.1668344698742856
255,9,0.002,0.01,0.01,0.99,1.1320271631679912,1.161184504796138
256,9,0.002,0.01,0.02,0.5,1.134708957193201,1.1669778172608014
257,9,0.002,0.01,0.02,0.99,1.1377878979927634,1.1727176975869027
258,9,0.002,0.1,0.0,0.5,1.1437858214808116,1.1753878697312852
259,9,0.002,0.1,0.0,0.99,1.14215019409569,1.1778528535957002
260,9,0.002,0.1,0.01,0.5,1.1387698386226959,1.1750739237544368
261,9,0.002,0.1,0.01,0.99,1.1452893230585857,1.1717561919907606
262,9,0.002,0.1,0.02,0.5,1.1421154559133142,1.169357619094946
263,9,0.002,0.1,0.02,0.99,1.1454987377868993,1.1701549278233974
264,9,0.003,0.01,0.0,0.5,1.1247675783146507,1.1583893751813443
265,9,0.003,0.01,0.0,0.99,1.1283604886340044,1.1598305733391294
266,9,0.003,0.01,0.01,0.5,1.129056539869482,1.1665452127565792
267,9,0.003,0.01,0.01,0.99,1.128931754780769,1.171614337679565
268,9,0.003,0.01,0.02,0.5,1.1271952110430175,1.1701413565834817
269,9,0.003,0.01,0.02,0.99,1.1242930024476432,1.1599747749462042
270,9,0.003,0.1,0.0,0.5,1.130958771113276,1.1711330327143137
271,9,0.003,0.1,0.0,0.99,1.1323824678903605,1.169898164290517
272,9,0.003,0.1,0.01,0.5,1.13367384804526,1.1612542593410902
273,9,0.003,0.1,0.01,0.99,1.1330398338900056,1.169148001120819
274,9,0.003,0.1,0.02,0.5,1.1288613992522343,1.1700640046137147
275,9,0.003,0.1,0.02,0.99,1.1308127022709031,1.1683082799876685
276,9,0.004,0.01,0.0,0.5,1.124377377627267,1.1538578760384406
277,9,0.004,0.01,0.0,0.99,1.1199618955519164,1.156756418273877
278,9,0.004,0.01,0.01,0.5,1.1183101833429572,1.1629978241092396
279,9,0.004,0.01,0.01,0.99,1.1189587466509856,1.158369783307739
280,9,0.004,0.01,0.02,0.5,1.122303977989945,1.1580015219106072
281,9,0.004,0.01,0.02,0.99,1.121898301391464,1.1531550270477633
282,9,0.004,0.1,0.0,0.5,1.1266704969261974,1.164069286464551
283,9,0.004,0.1,0.0,0.99,1.1238144162114287,1.1612629376858943
284,9,0.004,0.1,0.01,0.5,1.1253115294377545,1.1641868474295087
285,9,0.004,0.1,0.01,0.99,1.1256762708984185,1.1593549649270716
286,9,0.004,0.1,0.02,0.5,1.129660897242083,1.1596116742112585
287,9,0.004,0.1,0.02,0.99,1.1268436618983106,1.164769187478888
288,9,0.005,0.01,0.0,0.5,1.1157189152811515,1.1568957902244021
289,9,0.005,0.01,0.0,0.99,1.1163622881482331,1.1617071850028713
290,9,0.005,0.01,0.01,0.5,1.1172880576519162,1.1571345717191528
291,9,0.005,0.01,0.01,0.99,1.114779000719259,1.1554862946510112
292,9,0.005,0.01,0.02,0.5,1.1181010180035387,1.1615889657259262
293,9,0.005,0.01,0.02,0.99,1.114341829067653,1.1611846378211181
294,9,0.005,0.1,0.0,0.5,1.1238057124805714,1.1561504931818791
295,9,0.005,0.1,0.0,0.99,1.1223896657371917,1.157390666197276
296,9,0.005,0.1,0.01,0.5,1.1236967699322602,1.1606607121121058
297,9,0.005,0.1,0.01,0.99,1.1240119489943134,1.1640200848083173
298,9,0.005,0.1,0.02,0.5,1.122021295528355,1.1555126119750927
299,9,0.005,0.1,0.02,0.99,1.11897470836061,1.1539548707271539
300,9,0.01,0.01,0.0,0.5,1.0982320190922046,1.1563705186956705
301,9,0.01,0.01,0.0,0.99,1.1016436002749121,1.1528904157781348
302,9,0.01,0.01,0.01,0.5,1.1001492022113115,1.1481246079126781
303,9,0.01,0.01,0.01,0.99,1.107401658617707,1.1516191108455611
304,9,0.01,0.01,0.02,0.5,1.1068765133450351,1.1564419007894866
305,9,0.01,0.01,0.02,0.99,1.1094558850975291,1.1491847251375906
306,9,0.01,0.1,0.0,0.5,1.1116672325474826,1.1555797749596899
307,9,0.01,0.1,0.0,0.99,1.1119315869049322,1.1560216765569702
308,9,0.01,0.1,0.01,0.5,1.1101105372656013,1.1526643783712573
309,9,0.01,0.1,0.01,0.99,1.111131609839521,1.151585326243964
310,9,0.01,0.1,0.02,0.5,1.1108109570468476,1.1491499945778592
311,9,0.01,0.1,0.02,0.99,1.1120432391075563,1.1624763095326753
312,9,0.02,0.01,0.0,0.5,1.051025359501376,1.1495877004333883
313,9,0.02,0.01,0.0,0.99,1.0647255062607448,1.160029083236078
314,9,0.02,0.01,0.01,0.5,1.0628650587066695,1.14907556187649
315,9,0.02,0.01,0.01,0.99,1.0648884886176213,1.1510893713854315
316,9,0.02,0.01,0.02,0.5,1.0599479337039739,1.1591049260405146
317,9,0.02,0.01,0.02,0.99,1.0731694481970075,1.1521381094965664
318,9,0.02,0.1,0.0,0.5,1.076711326783515,1.1537088472088692
319,9,0.02,0.1,0.0,0.99,1.0850110781665832,1.1556858961865861
320,9,0.02,0.1,0.01,0.5,1.0822844910586615,1.1577477097548947
321,9,0.02,0.1,0.01,0.99,1.0938575330976907,1.1545370785852005
322,9,0.02,0.1,0.02,0.5,1.090402748830416,1.1526469283030674
323,9,0.02,0.1,0.02,0.99,1.0936793248804364,1.150426224894927
324,9,0.03,0.01,0.0,0.5,1.0077939436448888,1.1365935910241054
325,9,0.03,0.01,0.0,0.99,0.9948200797973364,1.1498630435772206
326,9,0.03,0.01,0.01,0.5,1.0163337357595095,1.1526281629936816
327,9,0.03,0.01,0.01,0.99,1.0307094914118595,1.1533556532002167
328,9,0.03,0.01,0.02,0.5,1.0201608811151495,1.1431453196072456
329,9,0.03,0.01,0.02,0.99,1.0560495760759947,1.1539939494626572
330,9,0.03,0.1,0.0,0.5,1.038920082725563,1.136667264709908
331,9,0.03,0.1,0.0,0.99,1.0383183867723031,1.1537692853090893
332,9,0.03,0.1,0.01,0.5,1.0369894295191777,1.1551496797037155
333,9,0.03,0.1,0.01,0.99,1.0495693298758302,1.1449704339716595
334,9,0.03,0.1,0.02,0.5,1.0607786811293112,1.1509383414371561
335,9,0.03,0.1,0.02,0.99,1.0746709779257242,1.1518546466490096
336,9,0.04,0.01,0.0,0.5,0.9797046758944484,1.1490801118445024
337,9,0.04,0.01,0.0,0.99,0.9990305960933976,1.1502318839442442
338,9,0.04,0.01,0.01,0.5,0.9761371799750654,1.1212081838763461
339,9,0.04,0.01,0.01,0.99,1.0154130970090571,1.150153121670523
340,9,0.04,0.01,0.02,0.5,1.0079142781754398,1.1503857132508926
341,9,0.04,0.01,0.02,0.99,1.0073820304007841,1.141811273154598
342,9,0.04,0.1,0.0,0.5,0.9761549463382084,1.1463190974196924
343,9,0.04,0.1,0.0,0.99,1.032301249462309,1.1515658371241841
344,9,0.04,0.1,0.01,0.5,1.0266187002015934,1.1421691379077463
345,9,0.04,0.1,0.01,0.99,1.0683027669458762,1.1575789704938375
346,9,0.04,0.1,0.02,0.5,1.0546478018079555,1.1589204868337506
347,9,0.04,0.1,0.02,0.99,1.0218108710389975,1.1461506467867812
348,9,0.05,0.01,0.0,0.5,0.9319993870699937,1.137889642982231
349,9,0.05,0.01,0.0,0.99,0.9867166210187445,1.1311715672906724
350,9,0.05,0.01,0.01,0.5,0.9368447194467217,1.136764193504302
351,9,0.05,0.01,0.01,0.99,1.0044870784166904,1.1456464118310452
352,9,0.05,0.01,0.02,0.5,0.9814855074423003,1.1385325436485847
353,9,0.05,0.01,0.02,0.99,1.0183096522423292,1.1376830763121737
354,9,0.05,0.1,0.0,0.5,0.9666110542800129,1.1310869762370908
355,9,0.05,0.1,0.0,0.99,1.0183210782390406,1.1494635676510598
356,9,0.05,0.1,0.01,0.5,1.000460359324448,1.1347767173334855
357,9,0.05,0.1,0.01,0.99,1.0084152704266787,1.14642141092766
358,9,0.05,0.1,0.02,0.5,0.9963182460939753,1.1317925240644562
359,9,0.05,0.1,0.02,0.99,1.0244972652210425,1.134429693454588
360,9,0.1,0.01,0.0,0.5,0.9117005298950188,1.1508408435326414
361,9,0.1,0.01,0.0,0.99,0.9933609788499704,1.1577224942874509
362,9,0.1,0.01,0.01,0.5,0.9174667381499974,1.1443170652838914
363,9,0.1,0.01,0.01,0.99,0.9691315930217552,1.1360514013160141
364,9,0.1,0.01,0.02,0.5,0.9128212445960044,1.1543797102665017
365,9,0.1,0.01,0.02,0.99,0.9979433280301754,1.1410604985876893
366,9,0.1,0.1,0.0,0.5,0.8982588649335883,1.1227439901639749
367,9,0.1,0.1,0.0,0.99,0.9790993739924233,1.1444592212697218
368,9,0.1,0.1,0.01,0.5,0.929064564036135,1.1633928894421608
369,9,0.1,0.1,0.01,0.99,1.0125270509180122,1.1493920162230702
370,9,0.1,0.1,0.02,0.5,0.9449140501447247,1.1468663608935619
371,9,0.1,0.1,0.02,0.99,0.9818831239363388,1.1501601996318738
372,9,0.2,0.01,0.0,0.5,0.924718198387653,1.1245688012810615
373,9,0.2,0.01,0.0,0.99,0.9679654989207352,1.1549165027957007
374,9,0.2,0.01,0.01,0.5,0.8516888624251319,1.134352517798689
375,9,0.2,0.01,0.01,0.99,0.9557192391441062,1.1341049071440579
376,9,0.2,0.01,0.02,0.5,0.8939348538133277,1.1496674538400122
377,9,0.2,0.01,0.02,0.99,0.9743778527287555,1.1565362644442188
378,9,0.2,0.1,0.0,0.5,0.8450835001489576,1.1454954179805672
379,9,0.2,0.1,0.0,0.99,0.9547447722125955,1.1483438481434942
380,9,0.2,0.1,0.01,0.5,0.8797105279974076,1.1351327736452095
381,9,0.2,0.1,0.01,0.99,0.9645475567685757,1.135428973648647
382,9,0.2,0.1,0.02,0.5,0.9157288774732846,1.1449806628411112
383,9,0.2,0.1,0.02,0.99,0.9605287554031816,1.1403728573688163
384,9,0.3,0.01,0.0,0.5,0.9474114899481344,1.1734720707374908
385,9,0.3,0.01,0.0,0.99,0.9921952928290787,1.147919606945551
386,9,0.3,0.01,0.01,0.5,0.8416634246297272,1.1461416181310955
387,9,0.3,0.01,0.01,0.99,0.9416187146657632,1.1489775906584605
388,9,0.3,0.01,0.02,0.5,0.8926630309108016,1.1366817050695226
389,9,0.3,0.01,0.02,0.99,1.045782745809019,1.1675470681718918
390,9,0.3,0.1,0.0,0.5,0.8902312532356857,1.1117068128615633
391,9,0.3,0.1,0.0,0.99,0.9586936042163937,1.1645737515215688
392,9,0.3,0.1,0.01,0.5,0.9281234359674714,1.1236642457390014
393,9,0.3,0.1,0.01,0.99,0.9398015232887572,1.1428180017503693
394,9,0.3,0.1,0.02,0.5,0.8848606771424099,1.1578917651310756
395,9,0.3,0.1,0.02,0.99,0.9730586684039728,1.1279457702229954
396,9,0.4,0.01,0.0,0.5,0.8999937293833199,1.1701303945954284
397,9,0.4,0.01,0.0,0.99,1.0195886599337642,1.1798338351319448
398,9,0.4,0.01,0.01,0.5,0.881699521427421,1.1486587079259043
399,9,0.4,0.01,0.01,0.99,0.9310431902816722,1.1411815476033436
400,9,0.4,0.01,0.02,0.5,0.9078053273593991,1.1218793061022287
401,9,0.4,0.01,0.02,0.99,1.0802581085059955,1.2050498394719273
402,9,0.4,0.1,0.0,0.5,0.8685440242487444,1.1530577136855507
403,9,0.4,0.1,0.0,0.99,1.0478713587702864,1.1889377016808211
404,9,0.4,0.1,0.01,0.5,0.8640693129668325,1.155755080268359
405,9,0.4,0.1,0.01,0.99,0.8888336397739778,1.1430005319762446
406,9,0.4,0.1,0.02,0.5,0.8905391952871953,1.1490028827203103
407,9,0.4,0.1,0.02,0.99,1.0370427159538513,1.1782177888383931
408,9,0.5,0.01,0.0,0.5,0.9355899344446433,1.1477651722449764
409,9,0.5,0.01,0.0,0.99,0.9570584592940198,1.1434717892981603
410,9,0.5,0.01,0.01,0.5,0.890002196253765,1.1367494222976033
411,9,0.5,0.01,0.01,0.99,1.0376989565362131,1.170695657949184
412,9,0.5,0.01,0.02,0.5,0.8779083601422341,1.1422341422927813
413,9,0.5,0.01,0.02,0.99,1.0773112739556079,1.1849564774671382
414,9,0.5,0.1,0.0,0.5,0.9295916701134384,1.1772566871888326
415,9,0.5,0.1,0.0,0.99,1.0018493375582895,1.1565302923921765
416,9,0.5,0.1,0.01,0.5,0.881428845830158,1.1506126893049384
417,9,0.5,0.1,0.01,0.99,0.9579502499067438,1.1523184396558466
418,9,0.5,0.1,0.02,0.5,0.937498405364224,1.130120667385795
419,9,0.5,0.1,0.02,0.99,1.0537191237010632,1.135807109409715
420,9,1.0,0.01,0.0,0.5,0.9629299053010066,1.1765051784505225
421,9,1.0,0.01,0.0,0.99,1.0229261280151993,1.1908128097038078
422,9,1.0,0.01,0.01,0.5,0.9656012746500762,1.1875042755658582
423,9,1.0,0.01,0.01,0.99,1.0403429899289767,1.199108530237294
424,9,1.0,0.01,0.02,0.5,0.9767961421442506,1.1527660766833725
425,9,1.0,0.01,0.02,0.99,1.0730472857878386,1.1632594357583974
426,9,1.0,0.1,0.0,0.5,0.9545521375718921,1.1511496076207135
427,9,1.0,0.1,0.0,0.99,1.0638465275308162,1.2026103716160563
428,9,1.0,0.1,0.01,0.5,0.9233273891044497,1.19082953521741
429,9,1.0,0.1,0.01,0.99,1.1093920431282354,1.2221006076448495
430,9,1.0,0.1,0.02,0.5,0.9961170836282421,1.1619830875395398
431,9,1.0,0.1,0.02,0.99,1.094921265853684,1.1955856923430672
432,9,2.0,0.01,0.0,0.5,1.0545350920801626,1.1853936587039764
433,9,2.0,0.01,0.0,0.99,0.9985337516107489,1.283630766705131
434,9,2.0,0.01,0.01,0.5,1.1193271285003816,1.1961440751746373
435,9,2.0,0.01,0.01,0.99,1.19884321517298,1.2489622890654928
436,9,2.0,0.01,0.02,0.5,1.0942402947311507,1.2019054883500855
437,9,2.0,0.01,0.02,0.99,1.1895292359367862,1.2153556794381486
438,9,2.0,0.1,0.0,0.5,0.8930159692475607,1.2589369897735365
439,9,2.0,0.1,0.0,0.99,1.0243042189554645,1.3075052849839959
440,9,2.0,0.1,0.01,0.5,0.9653148905933646,1.1527667925618703
441,9,2.0,0.1,0.01,0.99,1.1495744031690924,1.217141949513511
442,9,2.0,0.1,0.02,0.5,1.034076490430525,1.1595850561254977
443,9,2.0,0.1,0.02,0.99,1.1485723920633377,1.211758452266053
444,9,3.0,0.01,0.0,0.5,1.138523232670384,1.2866958727194233
445,9,3.0,0.01,0.0,0.99,1.040383142365265,1.2312460539666696
446,9,3.0,0.01,0.01,0.5,1.1955961927223386,1.287619423381542
447,9,3.0,0.01,0.01,0.99,1.293134213912961,1.3507374761512467
448,9,3.0,0.01,0.02,0.5,1.2762085836974646,1.3618957470367294
449,9,3.0,0.01,0.02,0.99,1.3089109388981839,1.3249405410618451
450,9,3.0,0.1,0.0,0.5,1.1263683351290308,1.2998615006718566
451,9,3.0,0.1,0.0,0.99,1.0520797045826593,1.2495468901931204
452,9,3.0,0.1,0.01,0.5,1.1736198639702655,1.2813778011642414
453,9,3.0,0.1,0.01,0.99,1.3148020321626468,1.412259832763401
454,9,3.0,0.1,0.02,0.5,1.027942134789982,1.1657637594420311
455,9,3.0,0.1,0.02,0.99,1.3637808971613945,1.4242645759809116
456,9,4.0,0.01,0.0,0.5,1.2612252166211688,1.3728686128881054
457,9,4.0,0.01,0.0,0.99,1.1485742393819793,1.3860269132636087
458,9,4.0,0.01,0.01,0.5,1.3327061121113235,1.4592776352192083
459,9,4.0,0.01,0.01,0.99,1.452165650001537,1.4766993438775293
460,9,4.0,0.01,0.02,0.5,1.3092928607942758,1.3683104534621873
461,9,4.0,0.01,0.02,0.99,1.4213226195679851,1.510967620463788
462,9,4.0,0.1,0.0,0.5,1.0783638238397508,1.2865380329788445
463,9,4.0,0.1,0.0,0.99,1.1283935852072553,1.3588880576214952
464,9,4.0,0.1,0.01,0.5,1.2132842600204194,1.3778827592960412
465,9,4.0,0.1,0.01,0.99,1.4040109918686416,1.4710055592890392
466,9,4.0,0.1,0.02,0.5,1.1767646694694927,1.2899456885512466
467,9,4.0,0.1,0.02,0.99,1.258116242217611,1.3413734871286354
468,9,5.0,0.01,0.0,0.5,1.3481503067899772,1.4123260631250303
469,9,5.0,0.01,0.0,0.99,1.1645604592014338,1.3769790049712554
470,9,5.0,0.01,0.01,0.5,1.3345453493767017,1.4782118354622968
471,9,5.0,0.01,0.01,0.99,1.4299746029808516,1.4363517497545866
472,9,5.0,0.01,0.02,0.5,1.3360334599805865,1.41944042687187
473,9,5.0,0.01,0.02,0.99,1.3828922279370681,1.401899895338259
474,9,5.0,0.1,0.0,0.5,1.1993102027333247,1.3612366395992825
475,9,5.0,0.1,0.0,0.99,1.2633511876939707,1.3230817114532527
476,9,5.0,0.1,0.01,0.5,1.1854419238974625,1.3073578127401275
477,9,5.0,0.1,0.01,0.99,1.299825217075296,1.4549713000054385
478,9,5.0,0.1,0.02,0.5,1.3060388978256514,1.396927158130796
479,9,5.0,0.1,0.02,0.99,1.4120260996220046,1.5198582254531612
